3994 1937
2910 2221
1507 1508
1377 1380
3044 3045
1859 1860
513 515
3128 834
3218 454
1279 1280
3751 3752
3907 3909
2996 2997
988 989
3729 850
3410 3411
3801 3802
1757 1758
1366 1367
3597 3598
3296 3297
185 186
3534 3535
1366 1367
1440 1441
1201 1202
786 787
1166 1168
998 999
1295 1296
285 286
2152 2153
3651 3652
1449 1450
3823 3824
3823 3824
3438 3439
3383 3384
1368 1369
507 508
722 723
2890 2891
2593 2595
1603 1604
477 478
2386 2172
3700 3701
800 801
169 170
3374 3375
2806 2807
155 157
3951 3952
604 605
1400 1401
1913 1914
1166 1168
3581 3582
2063 2064
1749 1750
2145 2147
3563 3564
2083 2084
2963 2964
693 694
3308 3309
1026 1027
2358 2359
2831 2832
3898 3901
2992 2993
2606 2607
475 476
3354 3355
2335 2337
3434 3435
1474 1475
2879 2880
1751 1752
684 685
3561 3562
376 377
2710 2712
3391 3392
1017 1018
1716 1717
3641 3642
3031 1845
243 244
3770 2422
1672 324
3817 3818
3496 3497
3458 3459
391 392
2544 2545
160 161
1574 1575
3621 3622
572 573
1974 1975
3657 3658
2150 2151
2057 2058
511 512
2135 2136
2787 2788
2476 2477
2154 2155
2316 2318
1164 1165
1393 1394
175 176
3344 3345
3352 3353
2398 2399
1111 1112
2542 2543
2264 2265
339 340
1354 1355
3845 3846
1834 1836
2896 2898
1521 1522
2742 1493
1663 1664
3865 3866
2025 2026
47 48
2628 1684
1720 1721
3363 3364
2039 2040
2600 2601
2856 2857
3339 3340
1668 1669
2703 2704
3813 3814
2394 2395
870 871
966 967
3281 3282
3025 3028
2099 2100
1080 1081
3670 3672
387 388
313 314
3793 3794
2059 2060
3354 3259
405 406
45 46
124 125
1814 1815
3059 3060
3559 3560
541 542
3078 3079
1838 1839
3657 3658
2889 1299
3966 3967
2075 2076
3025 3027
2560 2561
1136 1138
1393 1394
2760 2761
2216 2217
1484 1485
572 573
2135 2136
2091 2093
2763 2764
1458 1459
3730 3731
553 554
1323 1325
3465 3466
3157 3158
3209 3210
798 799
372 374
2564 2565
1939 1940
1560 1561
3434 3435
1989 1990
3657 3659
1387 1388
3663 3664
3151 3152
2618 2619
370 371
1614 1615
3470 3471
2275 2276
2602 2603
255 256
3932 3933
3825 3826
3961 1247
2469 2471
2485 2486
317 318
3354 3358
331 332
2756 2757
602 603
935 936
3207 3208
1887 1888
3124 3127
275 276
2305 191
415 416
937 938
3723 3724
2450 2451
1635 1636
1019 1020
1598 1599
2387 2388
3758 3759
786 787
1740 1742
509 510
1552 1553
3675 3676
1979 1980
806 807
1460 1462
3762 3763
2135 2136
2532 2311
376 377
3540 3541
614 615
391 392
3479 3480
1869 1871
3784 765
308 310
1109 1110
2167 2168
2174 2175
2361 2362
255 256
1712 1713
1550 1551
3366 3367
1987 1988
302 303
3861 3862
1068 1069
1987 1988
2854 2855
2044 2045
3354 3358
1326 1161
1673 1674
522 523
1445 1446
870 872
2325 2080
2750 2751
2234 2235
1088 1089
1182 1183
1049 1050
2721 2722
475 476
2077 2078
1850 1496
650 651
2321 2322
1071 1072
3248 3249
1812 1813
1335 1336
1574 1576
1422 1423
2335 2336
814 815
3254 3255
2705 2706
1834 1836
1691 1692
833 834
2673 2674
1474 1475
3704 1423
2974 2975
2920 2922
308 309
1699 1700
2018 2019
376 377
3175 3176
3279 3280
1008 1009
2940 2941
3586 3587
1627 1628
3065 3067
927 928
3536 3537
3165 3166
2608 2613
2645 2646
2815 2817
745 746
520 521
1850 1496
1809 1810
2765 2766
289 290
758 759
1887 1888
2476 2477
1540 1541
12 13
3841 3842
1535 1536
2485 2486
1673 1674
235 236
3229 3230
1057 1058
2743 2747
1451 1453
2390 2391
210 211
3460 402
1185 1187
444 445
2456 2457
1781 1782
3317 3318
2789 2790
115 117
2293 2294
1104 1105
2557 2558
3290 3291
2306 2307
3985 3984
2229 2231
3452 3453
2931 2932
1458 1459
1880 1881
1266 1267
543 544
1510 1511
3835 3836
5 6
2232 2233
1235 1236
2553 2554
49 50
1330 1331
679 680
3467 3468
2586 2588
370 371
1668 1670
2938 2939
1109 1110
3729 850
459 460
2069 2070
3044 3045
3968 826
3777 3778
1088 1089
2227 2228
2020 2021
3508 3509
3524 3291
3557 3558
2510 2512
3008 2970
2792 2794
0 1
1253 1255
2780 2781
1991 1992
640 641
524 525
3657 3658
3329 3330
796 797
1492 1494
3258 3259
3907 3908
3113 3114
173 174
2526 2527
752 753
1691 1692
2156 2157
1755 1756
697 698
915 916
2549 945
2464 2466
3312 1817
1333 1334
777 779
3474 3475
2758 2759
2480 2482
1876 1878
854 855
3237 3238
2598 2599
3589 3590
3779 3781
1169 1170
3396 3397
610 611
1109 1110
2723 2724
2549 945
2740 2741
3898 3901
3896 3897
2365 320
1086 1087
3004 3005
624 625
1339 1340
2220 2221
185 187
3979 3980
2143 2144
327 328
1106 1108
1411 1412
3113 3114
1529 1530
1948 1949
2614 2615
1821 482
3817 2006
2075 2076
1139 1140
2105 2106
1262 1263
598 599
3606 3607
3072 3073
1625 1626
1145 1146
1625 1626
1505 1506
1106 1107
1568 1569
2023 2024
2400 2401
185 187
1258 1259
1525 1526
3412 3413
2703 2704
1221 1222
444 445
2319 2320
40 41
2237 2238
3530 3531
745 746
2101 2102
1812 1813
2996 2997
2500 2502
2508 2509
3047 3049
1071 1072
1708 1709
1498 142
2837 2838
3946 3947
1268 1269
2128 2129
837 838
3843 3844
1364 1365
2371 2372
2430 2431
720 721
2052 2053
2178 2179
3025 3030
3381 3382
1284 1286
829 830
653 654
1207 1209
606 607
788 789
308 310
2141 2142
1223 1225
3406 3407
858 404
1362 1363
3470 3471
1350 1351
86 87
629 630
2109 2110
3237 3238
535 536
216 217
2862 330
762 763
1136 1137
2820 1395
275 276
3163 3164
1915 1916
218 219
2675 2678
2797 2798
3789 3790
3524 3525
3915 3916
2325 2326
948 949
137 138
3360 38
1903 1905
2686 2687
53 54
2542 2543
3494 3495
2886 2887
1405 1406
3113 3114
1546 1547
2493 2494
1598 1599
1120 1121
167 168
1952 1953
1128 1129
2730 2731
22 23
2889 1299
3985 1259
315 316
1668 1669
2489 2490
1658 1657
185 186
3188 3189
1327 1184
2837 2838
2306 2307
2540 2541
1655 1657
2920 2921
528 529
2969 2971
3904 3906
0 1
3843 3844
1282 1283
3385 3386
3088 3089
3331 3332
2118 274
3688 3689
1570 1571
3635 3637
1151 1152
3823 3824
2662 2663
196 197
421 144
3179 3180
3869 3870
3395 824
493 494
2289 779
1120 1123
618 619
2474 2475
2423 2424
1218 1219
2727 2729
1145 1146
1740 1743
722 724
341 342
364 365
2965 2966
225 226
3184 3185
966 967
417 136
442 443
3782 3783
1120 1121
2784 2785
1658 1657
3853 3854
1726 1727
177 178
3959 3960
115 116
2870 2872
2546 2548
3561 3562
283 284
750 751
1088 1089
237 238
2662 2663
3157 3160
1979 1980
3559 3560
2069 2070
1082 1083
1842 1843
1049 1050
3352 3353
2614 2616
218 219
1339 1340
1489 1490
2380 2381
2087 2088
3354 3359
907 909
2165 2166
3738 3740
1341 1342
777 680
3381 3382
3988 3989
3281 3282
12 13
1427 125
3331 492
3882 3883
3135 3136
2852 2853
2105 2106
912 913
1143 1144
3532 3533
3294 3295
1440 1442
3756 3757
3300 3301
1139 1140
782 783
1952 1953
814 815
3774 3776
1424 668
3068 3069
2178 2179
185 187
2500 2502
1383 1384
2109 2110
1624 567
430 431
927 928
3446 3447
3157 3159
1203 429
230 231
2268 2269
2870 2872
1237 1238
2784 2785
3930 3931
2202 2203
1253 1255
2342 2088
3704 1423
2654 2655
3985 1259
710 711
3973 3974
935 936
2500 2501
1987 1988
2469 2470
1323 1324
2430 2431
3973 3974
2695 2696
2010 2009
2343 2344
3404 3405
2025 2026
695 696
3192 3193
3809 3810
524 525
1026 1027
448 99
1113 1114
663 664
3302 3303
2532 2311
2709 1992
1120 1121
833 834
2910 2221
1047 324
1624 567
3665 3667
3753 3754
3065 3066
2293 2294
2870 2873
2296 2297
739 740
3738 3742
2103 2104
3014 3015
2879 2880
2748 2749
3006 3007
2087 2088
1120 1122
345 346
208 209
2232 2233
3770 3771
1861 1863
2756 2757
2004 2006
2439 2440
96 97
1869 1871
1393 1395
3315 3316
800 801
2546 2548
1393 1394
1178 1179
2487 2488
2557 2558
3915 3917
2454 2455
1377 1378
1703 536
1260 1261
1141 1142
735 736
3061 3062
927 928
3276 3277
2156 2157
1633 1634
5 6
311 312
2510 2465
3205 3206
1969 1971
962 963
192 193
3037 715
1268 1269
3825 3826
3406 3407
2325 2080
831 832
1537 1539
2839 2840
3467 3468
817 818
245 246
2018 2019
399 400
2848 2849
1503 1504
1523 1524
2296 2297
2319 2320
2454 2455
3171 3172
1548 1549
1354 1355
2555 2556
3376 3377
1196 356
2666 2667
1460 1461
3955 586
2018 2019
1088 1089
1364 1365
2551 2552
1655 1656
604 605
2549 2550
1204 1206
147 148
155 156
1861 1862
2690 2691
2890 2891
1529 1530
3635 3638
3044 3045
2414 294
2384 2385
2059 2060
3245 656
676 677
1834 1835
864 865
1264 1265
1641 1642
2323 2324
3973 3974
584 314
3973 3974
3512 3514
3406 3407
145 146
3188 3189
2835 2836
3025 425
3677 3678
3595 3596
2862 330
3512 3513
2846 2847
939 940
2874 2875
206 207
992 826
3040 3041
3685 3687
1699 1700
2647 2648
3124 3126
2171 2173
2384 2385
442 443
1204 1206
3738 3740
3732 3733
2118 274
2965 2966
693 694
2499 565
1118 1119
3227 3228
3141 3142
2499 565
2944 2945
2390 2391
2305 191
2870 2873
873 874
1120 1123
2920 2921
2190 2191
835 836
3491 1593
3578 3576
745 747
3002 3003
455 456
2870 2873
3419 3420
3183 1107
2957 2958
3829 3830
1440 1441
860 861
3985 3984
825 826
3315 3316
2010 2008
3835 3836
61 62
2913 2914
3133 3134
2323 2324
1919 1921
2848 2849
2860 2861
2874 2875
3614 3616
3548 1005
2555 2556
351 352
3371 3373
2651 2652
3793 3794
2815 2816
461 462
1809 1810
1855 1856
2331 2332
1350 1351
139 140
1903 1904
1842 1843
397 398
2023 2024
2122 2123
1049 1050
192 193
3465 3466
1062 954
907 911
1600 1602
2063 2065
628 627
311 312
1327 1184
693 694
2679 1569
3461 3462
2927 1992
2799 1378
490 492
3688 3689
2139 2140
964 965
3438 3439
2007 2009
667 668
1894 1897
2904 2906
796 797
67 68
1415 1416
3651 3653
111 112
1828 1829
3205 3206
293 294
1892 1893
810 811
2544 2545
102 104
1232 1234
1722 1723
2812 2814
3196 3197
214 215
3551 3553
3625 3626
1391 1392
479 480
3275 350
3861 3862
2620 2621
2782 2783
2846 2847
2321 2322
690 673
2079 2080
1728 1729
2709 1992
1946 1947
2194 2195
780 781
2365 320
3047 3049
1185 1186
2109 2110
1253 1257
1015 1016
3661 3662
661 662
3025 3028
3042 3043
151 152
3665 3667
1006 1007
674 675
1010 1012
3350 3351
2933 2934
2584 2585
994 995
3163 3164
2863 2864
448 99
3400 3401
3561 3562
3256 3257
3557 3558
3406 3407
111 112
45 46
302 303
2497 2498
681 683
218 219
3555 3556
3567 3568
30 31
1704 1705
3976 396
3959 3960
1471 1472
3306 3307
323 325
2041 2043
2810 89
2445 2446
2415 2416
804 805
3532 3533
2508 2509
701 702
432 433
1332 232
1590 1591
1789 1790
3202 3204
3721 3722
3143 3144
688 689
2480 2482
2797 2798
2007 2009
2831 2832
3492 3493
2881 2882
3727 3728
241 242
372 374
2010 2008
2544 2545
179 180
2789 2790
2349 2351
185 187
628 627
210 211
1605 1606
3964 3965
691 692
2659 2660
1578 1579
637 638
1846 1847
2022 2021
3951 3952
455 456
695 696
1556 1557
120 121
393 394
2027 2028
3350 3351
3944 3945
1447 1448
2061 2062
991 826
697 698
1514 1515
3571 3572
2557 2558
1699 1700
1529 1530
347 348
594 595
2593 2595
1624 567
3246 3247
2268 2269
1049 1050
3679 3680
1785 1786
2820 2821
2229 2231
2406 2407
2818 2819
3902 3903
1374 1375
745 746
507 508
2377 73
2972 2973
2082 809
1582 1583
341 342
151 152
3946 375
53 54
896 897
917 918
335 336
3918 3919
3169 3170
2549 945
3262 3263
2082 809
3579 1205
2577 2579
1155 1156
2495 2496
1929 1930
833 834
3339 3340
3853 3854
1153 1154
3517 3518
2763 2764
3690 3691
814 815
2169 2170
3874 3875
2635 2636
3498 3499
3886 3887
2254 2257
629 630
2837 2838
135 136
1337 1338
2549 2550
676 678
1335 1336
2551 2552
2299 148
1049 1050
775 776
766 768
323 324
2004 2006
335 336
3787 3788
3281 3283
3605 990
1419 1421
269 270
1282 1283
2423 2424
2682 2683
1364 1365
3334 2236
2204 2205
1486 1488
3910 952
1882 1883
1374 1376
1176 1177
165 166
1882 1883
2856 2857
1199 1200
2499 565
2675 2677
720 721
2959 2960
383 384
3690 3691
1028 1029
2959 2960
3715 3716
3753 3754
3976 3977
311 312
808 809
3461 3462
2192 2193
1850 1496
1816 1817
1703 536
2135 2136
1570 1571
2520 2521
1316 1318
2301 2302
1753 1754
2190 2191
887 888
1465 1466
2635 2636
2061 2062
2920 2923
3811 3812
2927 1992
347 348
1760 1761
3934 3935
1377 1380
1991 1992
2947 2948
545 546
3884 3885
1600 1602
2697 2698
633 634
2456 2457
2487 2488
1919 1922
2305 191
1169 1170
69 72
2659 2660
364 365
3969 3970
2046 2048
2750 2751
432 433
2709 1992
2386 2172
2423 2424
3275 350
2769 2770
2394 2395
3581 3583
896 897
3869 3870
3815 3816
3743 3744
2011 2012
165 166
1356 1357
3738 3740
293 294
2713 2714
216 217
3300 3301
735 736
1945 1914
3276 2012
101 99
2335 2337
36 37
1814 1815
1314 1315
2126 2127
389 390
3925 3926
3768 3769
2063 2064
2510 2512
1498 142
3319 3320
2126 2127
3286 3287
190 191
2870 2871
3787 3788
1633 1634
1671 1369
169 170
3243 3244
1066 1067
2564 2565
1851 1852
1962 1963
3312 1818
263 264
2229 2231
1302 1303
3573 3574
1850 1496
3412 3414
3022 3024
3717 3718
1010 1011
626 627
1204 1206
2216 2217
1646 1648
1440 1441
3167 3168
3772 3773
2277 2278
473 474
2928 2929
2368 982
2730 2731
2316 2318
2439 2440
1906 1907
1775 1776
2949 2950
1753 1754
102 103
3610 3611
758 759
3673 3674
2888 857
2450 2451
1570 1571
2843 830
3354 3359
287 288
2748 2749
3546 3547
115 117
2430 2431
2763 2764
2122 2125
915 916
192 193
582 583
3851 3852
2331 2332
3939 2610
2046 2047
693 694
1503 1504
3663 3664
3139 3140
3645 3646
3729 850
3688 3689
277 278
3044 3045
1704 1705
86 87
2234 2235
67 68
3961 1247
2097 2098
3707 3708
2910 2221
2148 2149
964 965
2573 2574
931 932
2577 2578
3791 3792
1232 1234
2961 2962
2244 2245
3347 2559
1701 1702
1086 1087
2624 2625
3591 3592
1991 1992
188 189
347 348
3660 3397
1774 1593
962 963
3523 1320
2227 2228
3241 3242
1071 1072
2772 2773
1295 1296
2730 2731
1393 1394
2487 2488
1814 1815
139 140
3458 3459
483 484
1646 1648
1084 1085
1207 1209
2296 2297
283 284
2220 2221
1172 1173
1629 1630
1960 1961
3084 3085
2804 2805
1366 1367
3951 3952
3163 3164
2345 2346
3929 807
578 579
3508 3509
2584 2585
3198 3199
3258 3259
559 561
2863 2864
3467 3468
2375 2376
3454 3455
2103 2104
1157 1158
775 776
3207 3208
2951 2952
179 180
3033 3034
944 945
1869 1870
2188 2189
3748 3749
198 199
2870 2873
475 476
2854 2855
2220 2221
1708 1709
802 803
1427 125
691 692
3551 3553
1498 142
3904 3906
1308 1309
372 373
487 488
2510 2513
143 144
3025 3028
870 871
3275 350
2025 2026
2120 2121
528 529
2690 2691
1746 1747
1610 1611
2079 2081
2715 2716
3092 3093
2717 2718
208 209
3551 3553
3129 3130
1086 1087
1478 1479
3485 3486
1760 1761
53 54
3216 3217
576 577
2454 2455
2787 2788
370 371
237 238
323 324
1979 1980
115 116
2220 2221
1335 1336
313 314
3655 3656
3317 3318
3258 3259
1578 1579
3248 3249
518 519
2046 2048
1495 1496
1471 1473
2953 2954
1894 1897
3492 3493
3557 3558
1463 1464
941 943
1327 1183
532 534
3630 3631
3496 3497
2289 779
436 437
495 496
1612 1613
2347 2348
979 980
880 881
941 942
2651 2652
501 502
501 502
3738 3741
829 830
693 694
80 81
1649 1650
1834 1835
2335 2336
2314 2315
817 820
1801 1802
1430 1431
2229 2231
639 454
465 416
3169 3170
2763 2764
261 262
3882 3883
610 611
1781 1782
3673 3674
1210 1211
907 909
1486 1487
2041 2042
633 634
3645 3646
3907 3908
2487 2488
905 906
1596 1597
1535 1536
3888 3889
1580 1581
2725 2726
3894 3895
658 660
3011 3012
2670 627
3273 3274
3949 1885
3751 3752
2390 2391
1853 1854
2474 2475
1387 1388
3707 3708
1440 1441
2254 2255
1828 1829
53 54
864 865
2965 2966
3746 3747
2312 2313
831 832
3250 3251
3614 3615
2485 2486
3571 3572
2721 2722
3383 3384
1976 1977
2243 75
206 207
1887 1046
3157 3158
239 240
3321 3322
2248 2249
2868 2869
1671 1369
1819 1820
2234 2236
2158 2160
1876 1877
115 117
3092 3093
2883 2885
3065 3066
3853 3854
3121 3122
2248 2249
3470 3471
2622 2623
3042 3043
495 496
3390 1541
1703 536
88 89
1396 1397
3391 3392
1180 1181
3946 3948
907 909
34 35
1846 1847
3944 3945
929 930
2237 2238
2883 2884
674 675
3880 3881
2105 2106
817 821
735 736
2398 2399
642 643
2717 2718
2902 2903
3621 3622
245 246
3483 3484
3444 3445
2709 1992
3528 3529
296 297
124 125
2810 2811
3951 3952
1972 1973
1102 1103
3738 3740
1861 1863
3833 3834
1663 1665
2829 2830
587 588
998 999
1164 1165
1021 264
465 416
2105 2106
1436 1437
1887 1888
235 236
3729 850
1966 1967
3770 3771
3135 3136
3657 3658
3020 3021
2180 2181
2967 2968
2049 2050
2335 1005
868 869
2820 2822
1396 1397
1250 1252
1596 1597
2109 2110
3037 715
1104 1105
670 671
3756 3757
1070 544
3465 3466
3982 3983
3183 1107
3050 3051
376 377
3088 3090
3685 3686
697 698
102 103
2575 2576
3665 3667
1028 1029
2171 2172
2387 2388
1941 1942
3630 3631
2163 2164
364 366
38 39
2010 2008
3177 3178
98 99
845 846
3383 3384
2904 2906
1356 1357
1480 1481
758 759
3139 2640
1550 1551
1400 1401
3054 3055
3811 3812
1946 1947
1966 1967
1542 1543
3047 3049
1894 1897
1635 1636
1672 324
115 116
2608 2611
3268 3269
817 821
1074 1075
1844 1845
3074 3075
1300 1301
2865 2867
2029 2030
2091 2094
2848 2849
2299 2300
1801 1802
3341 3342
49 50
2544 2545
3121 3122
966 967
1042 1043
107 108
2210 2211
3976 3978
727 728
2789 2790
3817 2006
2433 2435
3612 3613
1627 1628
2697 2698
3647 3648
1295 1297
1998 1999
806 807
882 884
817 818
1326 1161
285 286
2942 2943
750 751
3143 3144
3476 454
3371 3372
1178 1179
109 110
2647 2648
825 826
3209 3210
1740 1741
2957 2958
1221 1222
155 157
167 168
1901 1902
1370 1371
3913 3914
2841 2842
1010 1011
237 238
24 25
2118 2119
900 662
3366 3367
667 669
618 619
3578 3576
3252 3253
2557 2559
1976 1978
3951 3952
3890 2080
3479 3480
149 150
992 826
3334 2236
14 15
273 274
3124 3126
442 443
2222 2223
2972 2973
188 189
3031 1845
2491 2492
1830 1831
1935 1936
2158 2159
2323 2324
959 961
3496 3497
3485 3486
1419 1420
3614 3615
3719 3720
3262 3263
941 942
3135 3136
3450 3451
3721 3722
169 170
1413 1414
612 613
2437 2438
2079 2080
1116 1117
3379 3380
2590 2591
3025 3026
516 517
665 666
466 467
1673 1674
353 354
642 643
2844 2845
1872 1873
2874 2875
2797 2798
1720 1721
2925 2926
1440 1441
1560 1561
3341 3342
2254 2256
2736 2737
511 512
77 78
2192 2193
3690 3691
2020 2021
3855 3856
2738 2739
1230 1231
2063 2065
564 565
3374 3375
471 472
851 853
2831 2832
670 671
907 911
3181 3182
2303 2304
3169 3170
2827 2828
3764 3765
3209 3210
3683 3684
1787 1788
2402 2403
3787 3788
1887 1889
1088 1089
277 278
3444 3445
1113 1115
814 816
2046 2048
3934 3935
3953 3954
1643 1644
149 150
2067 2068
2608 2610
1469 1470
2982 2983
1074 1075
3366 3367
1253 1257
1102 1103
2528 2529
1155 1156
2061 2062
522 523
3489 3490
1691 1692
200 201
927 928
1510 1511
1830 1831
3243 3244
1882 322
497 498
1383 1384
135 136
877 879
2085 2086
2439 2440
1385 1386
2139 2140
3031 3032
953 954
1740 1741
1153 1154
944 945
2167 2168
2920 2923
2312 2313
1471 1472
3151 3152
2963 2964
635 636
2772 2773
3426 3427
2839 2840
2804 2805
1655 1656
593 512
90 91
3561 3562
2596 2597
2347 2348
1191 242
927 928
681 683
1830 1831
1405 1406
1795 1796
2772 2773
3279 3280
2567 2568
1898 1899
11 11
1092 1093
1848 1849
3734 3735
3738 3739
1312 1313
2321 2322
149 150
2118 2119
2804 2805
1643 1645
2161 2162
1744 1745
185 186
1658 1656
2925 2926
1032 1033
626 627
3831 3832
3779 3780
1809 1810
2750 2751
2433 2435
1853 1854
1637 1638
2194 2195
273 274
885 886
2608 2610
3184 3185
1360 1361
2061 2062
51 52
729 730
2198 2199
